30 235
1 2
1 3
1 5
1 6
1 9
1 10
1 13
1 16
1 18
1 21
1 23
1 24
1 27
1 28
1 30
2 3
2 4
2 5
2 8
2 9
2 10
2 11
2 15
2 16
2 17
2 18
2 19
2 20
2 21
2 24
2 26
2 27
2 29
2 30
3 4
3 5
3 6
3 12
3 13
3 14
3 17
3 19
3 20
3 25
3 27
3 28
3 29
3 30
4 5
4 6
4 7
4 10
4 11
4 13
4 14
4 15
4 18
4 19
4 20
4 21
4 22
4 23
4 30
5 6
5 7
5 8
5 9
5 13
5 14
5 15
5 18
5 20
5 26
5 27
5 29
5 30
6 7
6 8
6 9
6 13
6 14
6 19
6 21
6 23
6 24
6 26
6 30
7 11
7 13
7 17
7 19
7 21
7 24
7 25
7 27
8 9
8 11
8 13
8 15
8 16
8 17
8 18
8 20
8 21
8 22
8 24
8 25
8 30
9 10
9 11
9 12
9 13
9 14
9 17
9 18
9 19
9 21
9 22
9 26
9 28
9 29
9 30
10 12
10 13
10 14
10 17
10 18
10 19
10 25
10 26
10 28
10 29
10 30
11 13
11 15
11 16
11 17
11 18
11 19
11 20
11 22
11 23
11 26
11 28
11 30
12 14
12 16
12 18
12 19
12 21
12 22
12 23
12 24
12 25
12 26
12 27
12 28
12 29
12 30
13 14
13 18
13 20
13 21
13 24
13 27
13 28
14 15
14 18
14 19
14 21
14 22
14 23
14 25
14 26
14 27
14 28
14 29
15 16
15 17
15 19
15 21
15 24
15 25
15 27
15 28
16 17
16 18
16 19
16 20
16 27
17 19
17 20
17 22
17 23
17 28
17 29
17 30
18 20
18 21
18 23
18 26
18 27
18 29
19 20
19 21
19 23
19 28
19 29
20 22
20 23
20 24
20 30
21 22
21 23
21 27
21 28
21 29
22 23
22 25
22 26
22 28
22 29
22 30
23 27
23 29
24 25
24 29
24 30
25 26
25 28
25 29
26 29
27 28
28 29
28 30
