0 1 4 9 16 25 36 49 64 81 
1 4 9 16 25 36 49 64 81 100 
4 9 16 25 36 49 64 81 100 121 
9 16 25 36 49 64 81 100 121 144 
16 25 36 49 64 81 100 121 144 169 
25 36 49 64 81 100 121 144 169 196 
36 49 64 81 100 121 144 169 196 225 
49 64 81 100 121 144 169 196 225 256 
64 81 100 121 144 169 196 225 256 289 
81 100 121 144 169 196 225 256 289 324 
Tempo de execução com OMP: 2.0835e-05 segundos
SIZE = 2

0 1 4 9 16 25 36 49 64 81 
1 4 9 16 25 36 49 64 81 100 
4 9 16 25 36 49 64 81 100 121 
9 16 25 36 49 64 81 100 121 144 
16 25 36 49 64 81 100 121 144 169 
25 36 49 64 81 100 121 144 169 196 
36 49 64 81 100 121 144 169 196 225 
49 64 81 100 121 144 169 196 225 256 
64 81 100 121 144 169 196 225 256 289 
9 10 11 12 13 14 15 16 17 18 
Tempo de execução com OMP: 2.531e-05 segundos
SIZE = 3

0 1 4 9 16 25 36 49 64 81 
1 4 9 16 25 36 49 64 81 100 
4 9 16 25 36 49 64 81 100 121 
9 16 25 36 49 64 81 100 121 144 
16 25 36 49 64 81 100 121 144 169 
25 36 49 64 81 100 121 144 169 196 
36 49 64 81 100 121 144 169 196 225 
49 64 81 100 121 144 169 196 225 256 
8 9 10 11 12 13 14 15 16 17 
9 10 11 12 13 14 15 16 17 18 
Tempo de execução com OMP: 2.4938e-05 segundos
SIZE = 4

